7001:22,24,29,31,35;4,11
7002:15,22,31,34,35;5,12
7003:3,4,18,23,32;1,6
7004:6,10,16,17,25;2,4
7005:1,9,19,20,30;2,11
7006:1,16,20,23,28;3,6
7007:14,16,25,26,35;4,9
7008:2,8,11,21,23;4,7
7009:1,3,9,19,34;9,12
7010:6,8,18,29,34;9,11
7011:29,32,33,34,35;9,10
7012:3,12,15,29,34;7,11
7013:12,17,27,29,34;6,9
7014:1,2,7,29,32;6,7
7015:2,8,12,13,17;11,12
7016:1,14,19,24,31;3,12
7017:13,14,29,32,34;3,12
7018:3,4,16,23,28;6,9
7019:3,6,17,22,23;4,6
7020:2,6,11,12,18;5,12
7021:2,4,24,29,33;1,2
7022:8,10,12,23,25;3,10
7023:8,10,23,32,34;8,10
7024:6,16,20,25,31;4,9
7025:22,24,26,27,34;2,10
7026:5,9,13,33,35;1,8
7027:2,3,10,19,27;6,10
7028:20,26,30,34,35;3,10
7029:15,22,25,29,35;9,11
7030:11,14,27,33,35;2,7
7031:3,21,27,31,32;6,8
7032:1,13,21,23,32;4,11
7033:1,5,8,14,22;3,12
7034:6,8,11,13,22;2,11
7035:7,11,16,31,32;1,12
7036:15,18,21,27,34;1,2
7037:1,6,7,17,31;11,12
7038:6,21,25,27,32;8,9
7039:10,11,20,21,35;7,11
7040:5,21,25,28,35;1,4
7041:3,16,17,22,35;1,8
7042:7,10,22,31,35;5,6
7043:4,9,22,24,31;2,6
7044:4,5,7,12,26;1,10
7045:9,16,20,26,35;11,12
7046:4,16,18,23,30;1,10
7047:1,6,15,19,35;2,9
7048:8,25,26,29,35;6,8
7049:9,10,15,17,32;4,6
7050:13,21,22,30,35;1,11
7051:3,7,24,28,35;8,11
7052:1,14,29,32,33;5,10
7053:11,16,19,21,25;1,10
7054:4,10,19,29,34;3,6
7055:10,16,24,31,33;7,10
7056:4,11,17,20,21;5,9
7057:14,16,30,32,35;6,7
7058:8,21,25,28,33;2,6
7059:4,15,23,31,33;3,9
7060:12,13,29,30,31;4,7
7061:2,10,19,28,29;2,9
7062:1,4,10,14,29;11,12
7063:10,31,33,34,35;7,12
7064:2,16,32,33,35;5,10
7065:19,20,24,29,31;9,10
7066:4,7,8,19,24;7,12
7067:11,18,25,30,31;4,9
7068:4,9,13,14,33;6,10
7069:2,13,16,21,35;1,5
7070:7,26,29,30,35;3,4
7071:10,22,32,33,35;1,7
7072:21,24,26,27,33;1,5
7073:4,5,9,12,23;2,11
7074:16,17,23,24,31;5,10
7075:5,11,20,30,32;7,11
7076:2,9,12,15,31;9,10
7077:4,6,12,13,24;1,4
7078:9,12,14,22,23;1,2
7079:6,9,25,26,31;2,8
7080:1,15,20,25,27;5,10
7081:6,18,20,22,35;4,9
7082:3,5,14,33,34;7,8
7083:1,5,20,21,24;3,4
7084:5,11,18,29,34;10,11
7085:17,24,28,29,33;2,5
7086:14,18,19,26,28;3,9
7087:8,18,30,31,33;4,9
7088:17,18,21,23,33;6,10
7089:8,13,24,30,34;1,12
7090:4,20,24,31,33;9,12
7091:7,12,26,31,32;3,8
7092:6,19,27,28,29;6,10
7093:6,8,16,25,27;8,12
7094:;
7095:;
7096:;
7097:;
7098:;
7099:;
7100:;
7101:;
7102:;
7103:;
7104:;
7105:;
7106:;
7107:;
7108:;
7109:;
7110:;
7111:;
7112:;
7113:;
7114:;
7115:;
7116:;
7117:;
7118:;
7119:;
7120:;
7121:;
7122:;
7123:;
7124:;
7125:;
7126:;
7127:;
7128:;
7129:;
7130:;
7131:;
7132:;
7133:;
7134:;
7135:;
7136:;
7137:;
7138:;
7139:;
7140:;
7141:;
7142:;
7143:;
7144:;
7145:;
7146:;
7147:;
7148:;
7149:;
7150:;
7151:;
7152:;
7153:;
7154:;
7155:;
8001:1,2,11,34,35;3,10
8002:1,12,24,31,32;10,12
8003:1,11,13,32,35;2,7
8004:9,22,24,31,33;8,9
8005:18,25,29,31,34;9,10
8006:10,12,26,29,34;5,7
8007:3,4,5,12,28;3,12
8008:2,6,8,17,32;8,9
8009:4,8,12,24,30;5,8
8010:6,23,24,27,29;6,8
8011:14,20,22,24,27;7,10
8012:2,10,29,32,35;2,3
8013:1,11,19,22,35;5,9
8014:4,7,10,28,34;1,6
8015:9,18,20,27,33;6,9
8016:8,10,11,17,19;6,9
8017:2,14,25,29,32;1,6
8018:3,6,7,11,30;2,3
8019:8,24,25,29,31;4,5
8020:4,5,15,17,33;4,8
8021:5,10,13,21,24;4,9
8022:9,12,13,25,31;8,10
8023:6,26,31,32,34;7,10
8024:8,12,17,20,30;1,2
8025:6,10,12,15,28;4,12
8026:1,21,22,24,25;8,10
8027:5,17,23,31,32;4,8
8028:3,11,17,19,26;7,12
8029:6,11,18,29,30;4,11
8030:3,21,23,26,35;5,8
8031:14,20,23,27,28;2,4
8032:3,9,19,27,33;9,10
8033:3,10,21,23,30;1,9
8034:6,7,18,34,35;5,10
8035:2,12,13,29,30;5,7
8036:9,19,22,30,32;1,10
8037:11,20,24,31,35;4,10
8038:12,13,19,32,33;2,10
8039:7,11,15,27,35;4,7
8040:4,8,19,22,29;8,11
8041:7,17,21,22,28;5,10
8042:5,10,13,32,35;4,5
8043:5,8,10,31,33;2,4
8044:2,21,23,27,32;10,11
8045:14,32,33,34,35;2,4
8046:11,25,26,27,35;7,8
8047:12,18,22,23,30;6,12
8048:1,13,22,25,27;2,10
8049:1,11,14,28,30;3,10
8050:1,5,11,26,27;3,7
8051:1,7,9,11,33;3,11
8052:3,18,19,30,35;5,9
8053:1,13,21,23,32;3,6
8054:5,14,23,31,35;2,6
8055:2,14,28,30,35;4,12
8056:15,19,25,30,31;3,9
8057:5,8,9,17,33;5,6
8058:3,9,11,29,33;3,12
8059:7,13,21,25,31;8,10
8060:3,13,17,23,30;1,11
8061:7,10,14,19,32;3,6
8062:1,15,27,28,29;3,10
8063:7,11,24,30,35;6,8
8064:14,18,24,27,31;6,7
8065:19,22,23,25,32;6,12
8066:2,7,21,22,25;4,12
8067:3,10,14,15,22;4,7
8068:6,9,11,33,34;6,10
8069:5,13,16,29,33;6,8
8070:9,17,18,21,31;1,5
8071:1,5,11,14,25;1,9
8072:10,25,32,33,34;3,9
8073:2,5,6,7,31;8,10
8074:10,13,22,31,35;4,12
8075:1,10,13,30,33;6,7
8076:3,5,10,27,34;1,12
8077:1,8,21,33,34;5,7
8078:8,17,20,28,31;7,11
8079:20,23,26,32,33;5,12
8080:6,9,29,31,33;5,11
8081:7,8,20,22,29;4,7
8082:15,19,29,33,35;1,2
8083:6,14,15,30,31;3,10
8084:2,17,20,22,25;5,11
8085:3,7,13,15,19;2,10
8086:1,6,10,22,35;3,7
8087:14,22,32,33,35;1,5
8088:7,11,19,27,31;2,3
8089:8,13,24,32,33;3,9
8090:4,11,18,33,34;2,6
8091:9,13,19,22,25;4,10
8092:3,23,26,32,34;4,9
8093:6,7,10,24,30;5,8
8094:7,12,19,27,34;11,12
8095:3,4,11,21,25;1,7
8096:6,7,12,25,28;2,12
8097:1,10,31,33,35;3,10
8098:7,10,22,27,33;4,8
8099:3,18,23,25,30;6,10
8100:12,20,26,29,30;2,6
8101:10,13,23,31,33;4,11
8102:5,25,26,29,35;3,10
8103:2,11,22,30,34;4,9
8104:7,8,10,24,34;8,11
8105:12,21,22,26,35;4,5
8106:3,5,21,28,33;2,6
8107:1,2,13,15,16;4,9
8108:11,16,24,29,32;9,11
8109:1,10,18,28,34;5,8
8110:5,16,25,27,33;4,9
8111:2,11,12,14,19;5,9
8112:4,18,26,32,33;5,8
8113:11,14,17,19,22;1,8
8114:2,3,22,27,31;6,7
8115:7,9,19,21,33;7,10
8116:6,8,15,24,31;1,3
8117:13,23,24,25,30;2,8
8118:6,9,19,25,30;6,12
8119:1,2,10,19,27;1,11
8120:21,23,24,25,32;3,4
8121:11,23,24,32,35;4,10
8122:3,6,12,20,29;9,12
8123:1,6,12,28,31;8,9
8124:2,10,13,29,33;6,10
8125:1,4,28,33,34;6,11
8126:9,29,32,34,35;1,8
8127:8,21,22,31,33;1,7
8128:12,15,23,24,25;10,11
8129:13,16,20,25,27;4,5
8130:3,5,22,29,34;7,12
8131:8,9,12,21,32;7,11
8132:6,14,24,27,29;5,9
8133:10,12,15,33,35;3,9
8134:11,13,15,28,35;8,10
8135:7,22,25,29,33;1,12
8136:3,28,29,32,34;1,6
8137:1,10,25,32,35;5,9
8138:4,5,18,22,35;7,8
8139:1,6,10,14,22;6,8
8140:2,9,11,29,32;8,9
8141:9,15,18,30,34;4,5
8142:6,18,21,30,35;8,9
8143:1,2,22,29,32;1,4
8144:10,19,27,28,33;5,12
8145:5,16,27,29,30;5,11
8146:9,23,24,26,33;7,12
8147:16,18,19,24,35;11,12
8148:3,7,20,33,35;4,7
8149:2,5,6,27,29;3,4
8150:1,9,10,15,25;3,8
8151:7,10,27,31,34;8,9
8152:3,5,14,20,33;7,11
8153:2,4,6,25,26;2,5
8154:5,7,10,29,32;4,6
8155:;
9001:1,15,23,27,30;4,10
9002:1,4,7,12,30;5,10
9003:16,18,23,30,32;2,11
9004:1,3,22,32,35;6,10
9005:10,11,15,31,32;5,8
9006:2,4,22,31,35;9,12
9007:6,14,15,29,35;6,11
9008:4,17,21,29,31;2,12
9009:12,18,23,26,32;6,9
9010:2,9,12,21,29;7,11
9011:2,11,13,14,21;2,4
9012:2,5,20,25,31;10,12
9013:5,24,26,30,35;5,12
9014:8,14,15,25,26;7,9
9015:1,5,10,16,27;3,4
9016:10,11,20,26,27;9,11
9017:5,11,23,26,33;4,12
9018:1,6,13,28,29;3,9
9019:4,29,31,32,35;4,10
9020:5,16,18,32,35;2,11
9021:1,15,31,32,34;3,8
9022:12,14,17,34,35;4,11
9023:15,17,21,27,33;7,11
9024:29,31,32,33,35;10,11
9025:3,17,22,23,33;4,10
9026:24,30,31,32,34;10,12
9027:3,22,26,33,34;9,10
9028:6,20,30,32,35;9,11
9029:3,4,13,17,24;4,11
9030:1,7,27,30,32;1,4
9031:7,11,19,21,22;1,11
9032:4,12,20,26,29;6,10
9033:2,8,18,21,32;8,11
9034:5,19,31,32,35;4,9
9035:3,7,9,28,33;3,8
9036:2,12,26,31,33;9,10
9037:17,18,19,25,31;1,11
9038:6,17,20,29,32;4,5
9039:1,3,7,10,33;3,4
9040:3,16,30,32,33;1,10
9041:5,9,20,23,29;4,10
9042:11,24,25,26,31;2,7
9043:5,21,22,32,35;2,5
9044:1,7,18,29,34;3,9
9045:1,9,14,24,35;6,9
9046:1,9,24,34,35;4,9
9047:13,18,21,24,29;3,6
9048:5,6,22,25,27;11,12
9049:5,16,28,29,34;11,12
9050:5,15,28,32,33;8,9
9051:3,11,22,26,29;5,12
9052:23,24,30,34,35;1,3
9053:5,9,24,31,33;5,6
9054:2,12,19,29,30;7,12
9055:5,8,14,23,24;5,6
9056:4,13,17,32,35;3,6
9057:6,15,22,27,30;2,9
9058:8,10,14,27,32;2,7
9059:2,13,14,29,33;4,11
9060:18,28,29,30,31;4,8
9061:2,10,21,26,34;2,10
9062:4,22,23,29,31;5,11
9063:5,6,18,21,22;1,7
9064:6,10,11,17,34;11,12
9065:1,12,24,27,32;2,11
9066:1,8,19,24,31;6,12
9067:3,6,25,28,32;2,5
9068:2,12,15,20,28;1,12
9069:14,16,27,30,33;8,12
9070:10,21,24,30,31;3,10
9071:4,20,29,30,33;2,11
9072:23,26,29,32,33;5,10
9073:1,10,19,21,30;1,4
9074:15,17,19,23,32;1,11
9075:1,7,11,32,33;9,11
9076:3,9,11,18,24;4,5
9077:7,20,28,32,34;6,8
9078:11,23,26,31,34;5,11
9079:1,2,7,13,34;4,10
9080:7,16,19,29,35;2,11
9081:2,15,20,25,33;3,6
9082:5,11,26,29,32;8,11
9083:2,5,28,34,35;1,7
9084:5,9,19,26,35;2,10
9085:6,13,27,33,34;9,12
9086:1,2,7,26,29;10,12
9087:10,24,28,30,33;1,10
9088:13,16,27,32,34;3,9
9089:3,6,11,19,27;2,7
9090:18,25,30,33,34;4,10
9091:1,5,17,32,34;3,7
9092:10,21,22,27,29;8,12
9093:7,9,22,30,33;9,11
9094:1,5,21,23,29;5,12
9095:8,18,24,30,33;1,6
9096:7,12,28,32,33;1,3
9097:6,13,14,22,25;1,4
9098:11,17,19,25,26;2,10
9099:3,9,21,23,33;6,10
9100:16,20,25,29,33;1,8
9101:2,10,14,22,26;4,9
9102:11,13,29,32,35;10,12
9103:16,20,28,32,33;1,2
9104:15,25,29,32,33;10,11
9105:1,25,26,34,35;6,11
9106:11,21,22,25,34;6,9
9107:11,12,33,34,35;1,10
9108:1,9,14,29,30;7,10
9109:2,11,13,26,35;6,10
9110:22,28,30,31,34;7,9
9111:4,11,13,19,35;10,12
9112:2,8,12,34,35;4,5
9113:3,4,10,18,27;6,8
9114:2,8,25,29,33;3,7
9115:1,2,6,8,26;5,12
9116:12,15,23,30,33;9,12
9117:7,21,29,31,33;9,10
9118:10,17,18,21,34;5,11
9119:3,12,22,23,28;4,12
9120:11,23,27,28,32;2,5
9121:4,5,8,11,22;2,10
9122:1,2,11,31,33;5,6
9123:10,21,28,29,32;6,10
9124:1,3,14,32,35;7,11
9125:8,20,23,29,31;2,11
9126:14,23,27,28,33;8,12
9127:5,9,27,32,34;5,8
9128:6,21,28,32,34;4,7
9129:2,10,18,32,33;3,8
9130:9,14,25,32,34;2,8
9131:2,3,8,33,34;3,11
9132:2,10,12,15,28;4,7
9133:1,8,24,27,34;10,11
9134:2,16,19,28,33;7,11
9135:6,8,15,20,32;5,6
9136:7,13,23,24,29;6,10
9137:12,28,29,30,34;1,9
9138:3,4,14,28,32;9,10
9139:14,16,20,22,32;5,9
9140:7,8,19,26,30;1,12
9141:13,14,21,30,33;2,8
9142:5,6,13,24,31;3,11
9143:1,9,10,11,22;1,12
9144:18,26,32,33,34;4,6
9145:5,11,14,22,35;3,10
9146:11,17,23,24,25;3,6
9147:6,12,18,22,29;5,8
9148:2,4,13,14,33;1,9
9149:1,3,10,12,20;2,7
9150:4,11,18,25,34;5,7
9151:3,8,14,30,31;4,9
9152:1,23,29,30,32;7,12
9153:21,22,30,32,34;3,7
9154:;
9155:;
10001:2,6,7,12,27;2,8
10002:4,23,25,26,30;7,10
10003:5,14,23,27,30;2,8
10004:3,6,21,24,34;4,6
10005:4,17,19,22,30;2,3
10006:3,13,19,30,34;2,5
10007:7,23,26,29,32;8,11
10008:11,23,25,31,32;5,11
10009:2,5,13,27,32;3,11
10010:15,22,24,32,35;2,9
10011:2,3,11,27,32;8,11
10012:20,24,30,31,33;5,12
10013:18,21,22,26,34;9,12
10014:18,19,30,33,35;2,4
10015:3,10,14,18,28;8,10
10016:10,12,20,23,32;4,10
10017:13,21,23,27,34;9,12
10018:3,10,26,32,33;4,12
10019:3,11,19,26,27;2,9
10020:8,18,26,32,33;1,6
10021:11,20,23,24,25;7,9
10022:2,11,13,14,25;2,5
10023:11,13,29,32,33;2,8
10024:3,14,19,24,25;4,11
10025:9,11,13,14,25;1,7
10026:5,23,25,31,35;7,10
10027:5,23,26,32,34;2,9
10028:1,2,7,20,35;1,3
10029:21,22,33,34,35;3,4
10030:10,12,19,32,35;2,7
10031:5,13,16,17,35;6,8
10032:13,16,23,24,33;7,11
10033:12,19,28,29,30;5,8
10034:1,6,19,25,26;3,9
10035:14,16,20,31,34;1,7
10036:19,25,28,31,33;1,8
10037:19,21,26,34,35;1,9
10038:8,10,25,29,33;1,2
10039:7,19,26,28,32;1,8
10040:13,20,26,31,35;2,11
10041:16,22,28,29,34;4,12
10042:1,5,19,34,35;6,7
10043:5,8,10,33,35;2,10
10044:6,21,24,28,30;2,7
10045:8,17,18,20,28;9,10
10046:2,15,19,26,27;5,6
10047:4,8,11,30,31;2,8
10048:2,3,10,12,25;3,9
10049:1,25,29,31,33;4,10
10050:7,8,15,30,35;5,10
10051:6,10,20,24,32;6,10
10052:4,6,25,29,32;5,6
10053:9,19,22,26,34;9,11
10054:12,25,29,30,33;10,11
10055:13,14,17,27,32;2,10
10056:5,9,23,25,30;9,12
10057:15,17,24,32,35;7,9
10058:6,15,17,19,30;1,12
10059:6,10,14,25,34;1,3
10060:10,13,22,33,34;1,5
10061:5,12,14,17,22;5,7
10062:6,7,18,30,31;7,8
10063:7,14,16,30,31;3,6
10064:7,10,12,20,21;6,9
10065:5,8,13,14,32;8,11
10066:15,21,22,24,27;1,6
10067:1,11,19,30,32;3,10
10068:11,17,19,20,34;6,10
10069:6,17,18,25,29;8,9
10070:5,14,23,25,28;11,12
10071:7,12,26,30,32;2,7
10072:5,10,17,23,25;3,10
10073:4,9,11,30,32;1,11
10074:3,7,20,27,32;2,12
10075:10,12,17,23,27;5,7
10076:9,12,16,19,35;2,12
10077:6,7,9,17,24;2,12
10078:2,3,15,28,35;1,11
10079:1,4,21,22,24;2,5
10080:8,19,27,29,34;4,10
10081:14,18,20,24,27;5,10
10082:5,8,24,29,30;4,6
10083:7,11,21,22,35;4,7
10084:3,13,14,22,26;2,5
10085:2,10,16,18,34;2,3
10086:1,2,12,19,35;5,7
10087:1,12,20,21,24;2,8
10088:3,5,14,30,35;3,6
10089:4,10,13,18,23;8,10
10090:8,24,26,31,32;7,9
10091:6,10,23,26,31;5,7
10092:2,15,29,30,34;2,12
10093:2,4,9,28,29;5,8
10094:20,32,33,34,35;6,7
10095:12,14,16,19,25;1,6
10096:4,9,24,30,35;1,10
10097:9,17,21,28,29;2,8
10098:2,3,12,13,25;1,7
10099:3,11,17,21,30;1,8
10100:19,20,30,33,35;6,8
10101:11,15,22,27,35;5,8
10102:4,15,19,24,35;1,10
10103:10,14,29,30,35;5,8
10104:14,25,30,32,33;1,11
10105:5,17,26,27,35;8,9
10106:5,27,28,29,34;9,12
10107:14,17,22,27,34;3,5
10108:1,10,13,19,34;9,12
10109:1,2,8,11,25;10,12
10110:21,29,30,33,35;7,11
10111:3,6,13,14,29;1,2
10112:14,15,18,34,35;8,10
10113:5,16,22,23,32;4,10
10114:3,7,22,25,35;3,11
10115:5,7,10,15,32;3,8
10116:14,22,27,28,35;4,10
10117:4,6,21,27,34;5,9
10118:19,22,23,29,35;8,10
10119:5,13,14,23,26;2,3
10120:8,10,18,34,35;6,10
10121:21,22,31,32,34;2,12
10122:5,6,11,13,26;2,7
10123:18,20,30,32,33;1,11
10124:1,9,27,29,34;1,6
10125:1,7,9,14,19;9,12
10126:3,5,9,13,33;5,11
10127:3,22,24,30,33;4,10
10128:6,17,19,29,35;2,8
10129:14,15,24,25,26;3,7
10130:5,6,9,10,34;8,11
10131:10,15,22,28,29;4,12
10132:18,21,23,25,29;6,11
10133:11,16,17,21,22;3,6
10134:9,12,13,19,30;4,5
10135:14,17,19,26,32;3,4
10136:3,13,18,30,33;7,8
10137:22,27,28,33,35;9,11
10138:8,12,14,19,27;5,6
10139:3,13,16,19,29;7,9
10140:6,18,20,30,31;3,6
10141:5,11,17,23,33;3,10
10142:10,11,19,21,27;4,6
10143:10,16,18,22,27;6,8
10144:2,11,16,22,31;10,11
10145:18,19,27,28,33;3,6
10146:14,17,30,31,34;4,10
10147:1,15,19,21,23;11,12
10148:3,4,8,10,35;2,6
10149:5,22,24,25,30;1,6
10150:5,24,28,29,35;1,9
10151:1,10,32,33,35;3,8
10152:2,5,18,22,23;7,12
10153:6,7,16,24,35;4,6
10154:;
10155:;
11001:7,8,15,32,34;5,12
11002:11,13,27,28,29;2,6
11003:1,24,27,30,31;1,6
11004:7,8,10,23,25;7,9
11005:1,7,25,27,30;7,12
11006:2,8,16,26,35;11,12
11007:14,24,32,33,35;2,9
11008:1,23,26,27,30;5,6
11009:9,10,11,14,24;3,8
11010:4,8,10,14,27;5,7
11011:2,17,23,24,30;2,9
11012:3,12,19,25,30;8,11
11013:5,8,14,28,30;4,6
11014:2,14,20,21,24;2,9
11015:8,18,19,22,23;1,3
11016:15,20,30,33,35;6,9
11017:16,19,24,26,31;2,4
11018:16,22,24,32,34;2,10
11019:8,21,23,27,33;6,11
11020:9,12,19,22,28;1,5
11021:1,9,13,17,30;2,8
11022:9,14,24,25,34;1,4
11023:5,13,16,18,24;2,12
11024:12,15,16,20,33;8,12
11025:8,9,25,28,29;2,10
11026:1,9,15,20,29;7,9
11027:5,14,25,34,35;2,5
11028:1,2,13,17,28;1,4
11029:3,9,17,24,28;6,12
11030:15,19,25,30,33;3,8
11031:12,17,19,22,35;4,11
11032:7,16,23,31,33;3,10
11033:3,19,24,29,33;3,9
11034:3,6,9,17,27;3,9
11035:3,4,13,15,32;4,9
11036:3,18,29,30,33;8,9
11037:1,12,14,22,24;10,12
11038:7,9,11,13,33;10,12
11039:1,11,14,22,34;6,8
11040:3,7,15,18,20;1,6
11041:4,5,11,13,25;3,6
11042:6,9,18,30,32;10,12
11043:2,8,23,33,35;5,10
11044:11,21,24,26,31;6,7
11045:13,21,22,29,31;7,11
11046:9,15,16,19,29;4,6
11047:2,15,22,33,35;5,8
11048:13,17,25,27,28;2,3
11049:5,6,10,22,25;1,9
11050:4,7,29,32,33;8,10
11051:6,8,12,17,18;5,10
11052:13,24,31,32,33;3,9
11053:3,16,28,31,32;1,9
11054:5,9,16,26,35;3,10
11055:1,7,31,32,35;2,10
11056:3,5,29,30,31;8,10
11057:7,11,30,31,34;9,12
11058:1,9,27,32,33;3,6
11059:9,16,21,29,34;7,10
11060:3,25,29,32,34;9,10
11061:6,7,16,18,20;4,10
11062:6,10,17,20,21;3,7
11063:10,17,18,26,32;1,5
11064:1,6,27,30,34;1,6
11065:3,11,14,25,34;1,4
11066:6,13,18,20,33;9,10
11067:10,17,22,24,32;3,10
11068:1,13,16,18,32;7,9
11069:3,5,28,29,33;4,12
11070:9,19,22,29,30;2,8
11071:27,31,33,34,35;4,6
11072:3,11,13,20,35;3,8
11073:13,19,20,22,33;5,11
11074:7,16,23,28,31;3,6
11075:6,9,20,23,28;6,10
11076:18,23,25,29,30;1,2
11077:5,8,19,33,34;1,12
11078:4,9,16,27,30;2,6
11079:1,3,23,30,31;2,10
11080:5,12,30,31,32;1,3
11081:4,13,20,21,35;2,9
11082:7,20,25,30,32;5,9
11083:6,8,18,20,24;4,8
11084:14,29,31,34,35;1,12
11085:2,17,19,21,22;3,10
11086:4,5,6,9,15;1,6
11087:6,13,20,25,34;7,9
11088:20,21,27,29,35;3,8
11089:5,6,23,27,34;3,4
11090:2,4,29,30,34;5,8
11091:11,17,23,29,30;6,8
11092:10,17,19,32,33;1,12
11093:4,6,8,19,31;10,11
11094:11,21,22,32,34;4,8
11095:9,12,17,19,29;6,11
11096:3,8,20,24,25;1,2
11097:4,19,28,31,33;11,12
11098:6,7,28,33,35;1,10
11099:2,6,9,12,20;5,8
11100:8,11,13,28,33;8,9
11101:5,12,20,28,30;3,7
11102:19,24,28,31,34;4,12
11103:3,4,26,29,34;1,3
11104:7,19,27,28,34;2,5
11105:2,11,26,32,33;5,12
11106:1,9,29,30,35;5,9
11107:2,6,18,30,32;1,8
11108:7,15,18,24,28;1,7
11109:1,11,12,22,34;8,10
11110:30,31,33,34,35;4,7
11111:2,11,13,23,31;11,12
11112:6,17,28,32,33;8,12
11113:4,5,7,10,12;4,5
11114:6,8,17,27,35;2,11
11115:17,26,30,31,35;6,11
11116:10,15,18,19,26;7,12
11117:10,12,28,32,33;3,5
11118:4,7,11,32,35;5,7
11119:4,15,20,26,31;6,12
11120:20,25,26,30,31;9,10
11121:2,3,30,31,33;3,9
11122:3,8,23,24,34;5,12
11123:10,14,18,19,35;1,6
11124:8,12,14,20,25;6,8
11125:7,10,27,34,35;10,12
11126:7,17,29,30,33;10,12
11127:1,11,22,26,29;5,8
11128:3,4,6,11,13;1,2
11129:1,7,13,18,23;4,8
11130:8,9,13,23,35;11,12
11131:3,5,12,18,33;7,11
11132:12,14,16,19,33;2,9
11133:4,11,23,26,35;3,12
11134:1,10,12,14,17;9,10
11135:6,22,29,33,35;3,12
11136:8,9,11,19,33;3,12
11137:2,15,18,23,31;1,2
11138:17,23,26,30,32;6,12
11139:4,6,10,15,16;3,4
11140:1,12,32,33,34;9,11
11141:2,11,19,22,35;10,12
11142:4,26,30,33,34;4,6
11143:8,9,12,25,33;7,10
11144:7,18,24,28,33;2,3
11145:7,15,19,24,29;4,6
11146:9,13,19,29,34;2,11
11147:1,15,16,27,28;2,7
11148:7,10,11,26,31;3,4
11149:2,7,12,29,31;3,5
11150:13,22,30,33,34;6,12
11151:7,11,14,20,27;3,10
11152:1,4,6,21,35;2,11
11153:6,22,29,30,35;3,5
11154:4,12,16,20,28;8,11
11155:;
12001:7,27,28,32,33;1,12
12002:3,11,14,26,29;7,8
12003:16,22,24,33,34;3,10
12004:10,11,22,31,32;6,7
12005:1,2,29,31,33;7,12
12006:3,20,22,25,27;1,9
12007:4,5,13,17,25;7,10
12008:6,8,30,31,32;1,11
12009:6,14,20,29,35;9,10
12010:25,26,29,32,34;5,7
12011:5,19,22,29,30;2,4
12012:6,18,22,30,35;2,7
12013:7,8,11,12,24;1,2
12014:10,14,24,30,32;1,12
12015:12,13,24,26,33;6,8
12016:5,14,20,29,31;8,12
12017:6,11,22,29,34;3,12
12018:3,10,14,29,31;4,8
12019:7,9,17,30,34;1,12
12020:12,14,27,29,34;3,6
12021:10,15,21,31,34;7,8
12022:7,12,20,33,35;1,10
12023:7,9,17,29,35;9,10
12024:3,11,17,21,30;3,7
12025:1,2,5,12,27;4,7
12026:10,11,22,23,29;2,9
12027:3,10,11,22,31;5,7
12028:10,12,15,33,34;3,10
12029:4,7,8,18,29;7,10
12030:3,21,22,26,32;1,3
12031:19,21,23,25,30;3,8
12032:7,8,16,26,34;7,11
12033:8,13,19,27,32;1,8
12034:1,8,15,16,29;8,9
12035:1,4,30,32,35;8,12
12036:1,9,20,30,31;8,12
12037:9,13,27,31,35;3,10
12038:11,23,25,31,35;1,3
12039:15,21,22,24,35;1,5
12040:2,13,23,28,29;1,5
12041:1,2,13,22,23;2,10
12042:7,24,27,28,35;7,12
12043:1,6,25,31,34;3,9
12044:3,4,14,32,35;1,2
12045:5,11,17,20,28;11,12
12046:4,8,19,23,27;4,11
12047:5,7,17,30,34;3,10
12048:6,9,26,30,35;5,6
12049:9,18,22,27,31;10,12
12050:13,17,22,28,29;1,10
12051:1,2,17,18,33;5,12
12052:10,20,26,31,33;10,12
12053:11,12,26,28,31;7,12
12054:1,16,18,27,30;10,11
12055:7,22,26,32,33;1,8
12056:11,21,23,26,34;7,9
12057:1,2,14,33,34;3,5
12058:13,21,29,31,35;4,12
12059:9,13,19,21,27;3,4
12060:2,16,21,24,30;6,10
12061:5,10,14,27,33;7,9
12062:21,32,33,34,35;8,9
12063:11,25,26,29,35;1,2
12064:9,12,13,15,30;9,10
12065:10,22,28,29,34;5,11
12066:1,20,25,29,33;4,6
12067:20,22,27,30,33;1,2
12068:1,21,31,32,35;3,6
12069:2,4,22,25,34;2,11
12070:9,22,23,32,34;6,8
12071:13,23,29,31,34;6,8
12072:4,8,17,22,25;4,10
12073:18,23,29,33,34;2,7
12074:10,22,23,30,32;1,7
12075:7,9,10,18,22;5,10
12076:2,14,16,22,24;2,5
12077:10,30,32,33,34;2,3
12078:1,2,23,25,35;5,12
12079:1,5,25,32,33;1,10
12080:11,12,14,25,28;2,5
12081:10,16,17,30,35;1,8
12082:2,4,9,10,15;8,10
12083:16,19,28,29,31;5,8
12084:21,24,27,29,31;1,2
12085:7,18,29,31,33;10,12
12086:3,20,25,29,32;5,10
12087:1,6,7,21,31;4,11
12088:13,17,24,30,35;2,10
12089:6,12,21,29,32;6,11
12090:2,21,27,29,33;2,10
12091:3,10,28,31,33;1,9
12092:8,9,23,25,31;2,12
12093:2,16,21,31,33;4,11
12094:2,14,23,32,35;1,10
12095:6,9,22,27,30;8,12
12096:5,10,19,24,35;8,9
12097:9,17,24,29,32;1,2
12098:2,11,28,29,30;6,12
12099:12,18,24,25,32;2,12
12100:7,9,13,19,27;1,3
12101:2,5,8,9,31;3,7
12102:2,4,6,13,35;4,8
12103:2,9,18,23,24;1,4
12104:16,18,24,25,27;4,9
12105:5,6,14,15,31;6,8
12106:15,23,25,29,31;9,10
12107:4,7,9,22,33;1,3
12108:6,7,12,24,35;2,6
12109:1,22,30,32,35;9,11
12110:1,11,17,19,26;5,12
12111:1,24,25,30,33;4,11
12112:1,2,28,31,35;5,7
12113:3,10,22,27,29;3,12
12114:3,6,21,33,35;1,7
12115:1,6,13,19,23;6,9
12116:1,11,18,20,22;7,10
12117:1,12,18,21,33;7,8
12118:5,17,25,30,33;1,12
12119:5,6,9,19,32;6,9
12120:2,10,21,23,29;3,4
12121:7,18,20,29,30;5,6
12122:23,24,25,29,31;3,12
12123:5,8,18,30,33;1,9
12124:7,11,19,20,35;5,10
12125:6,14,17,22,35;1,2
12126:13,14,21,28,29;5,10
12127:12,13,14,25,35;10,12
12128:9,10,19,30,31;4,11
12129:1,7,21,28,31;3,9
12130:14,19,23,29,30;6,7
12131:2,16,18,27,30;8,12
12132:5,8,21,25,33;1,11
12133:5,7,13,29,30;1,5
12134:1,6,18,32,35;2,7
12135:3,5,17,18,33;6,7
12136:2,23,29,30,31;1,4
12137:3,12,20,21,27;1,6
12138:13,17,27,31,33;6,12
12139:9,10,12,22,25;4,11
12140:7,17,27,28,29;9,10
12141:3,11,19,23,34;2,12
12142:15,19,29,34,35;7,10
12143:9,27,29,30,31;3,6
12144:11,13,14,21,29;1,10
12145:5,22,31,33,35;6,9
12146:1,10,13,17,26;6,8
12147:2,3,17,19,33;2,9
12148:4,16,27,29,34;6,11
12149:2,10,23,33,34;5,10
12150:2,14,18,24,31;2,3
12151:3,19,20,24,33;3,4
12152:4,17,26,33,34;2,8
12153:8,9,10,13,22;5,10
12154:3,26,27,31,32;3,9
12155:;
13001:6,9,11,31,32;5,11
13002:4,20,27,31,32;6,12
13003:1,16,18,21,31;9,12
13004:7,8,12,20,25;3,7
13005:18,22,26,28,31;10,12
13006:8,20,25,31,32;5,7
13007:14,29,32,33,34;3,6
13008:2,7,25,29,34;3,6
13009:10,17,19,27,29;5,12
13010:9,15,17,18,29;9,11
13011:1,2,8,15,23;6,9
13012:1,14,31,32,34;2,11
13013:13,15,29,30,35;1,11
13014:5,8,25,29,31;2,4
13015:14,15,26,32,33;1,11
13016:5,15,19,27,32;8,9
13017:11,14,22,29,34;5,11
13018:20,23,31,33,34;3,9
13019:6,12,17,29,30;7,11
13020:6,11,20,31,32;5,9
13021:23,24,28,30,33;1,11
13022:3,4,13,17,23;3,8
13023:5,19,24,26,35;5,7
13024:9,12,14,18,24;1,4
13025:3,23,25,26,28;10,12
13026:2,10,16,30,33;5,6
13027:3,12,14,24,35;3,8
13028:13,19,28,30,34;8,12
13029:5,7,17,25,26;4,10
13030:3,5,9,10,28;5,7
13031:12,17,18,26,32;10,11
13032:12,27,28,33,35;1,8
13033:12,18,22,28,31;1,11
13034:1,3,11,19,29;4,8
13035:5,14,28,32,34;7,8
13036:8,12,32,33,35;3,5
13037:2,26,31,32,34;6,8
13038:1,19,24,25,26;7,9
13039:6,23,30,33,35;7,10
13040:16,17,22,26,35;3,10
13041:3,13,14,15,34;5,8
13042:2,6,22,23,33;1,6
13043:7,13,25,34,35;7,9
13044:7,11,13,18,28;5,10
13045:8,11,12,21,25;2,7
13046:15,16,19,25,32;5,11
13047:12,20,28,30,35;3,11
13048:10,11,23,32,33;1,4
13049:18,22,25,31,32;4,6
13050:14,22,30,32,33;7,8
13051:5,8,15,18,33;7,8
13052:1,2,10,29,31;1,10
13053:13,31,33,34,35;5,7
13054:5,8,21,30,32;1,8
13055:4,5,22,23,24;3,9
13056:11,22,30,32,35;3,4
13057:7,15,27,33,35;7,10
13058:20,21,27,31,35;7,11
13059:3,8,11,24,27;7,12
13060:15,25,26,32,35;5,10
13061:1,14,18,21,32;5,10
13062:1,5,8,9,12;9,12
13063:3,5,11,27,28;5,6
13064:21,24,26,28,32;1,3
13065:9,28,31,34,35;2,9
13066:6,7,13,33,34;2,11
13067:2,3,5,8,29;10,12
13068:10,17,27,34,35;5,7
13069:6,12,13,16,30;7,12
13070:9,12,18,21,29;1,8
13071:13,19,26,27,28;3,11
13072:12,27,28,33,35;3,5
13073:3,5,23,27,31;2,6
13074:6,14,20,24,32;1,7
13075:1,11,13,19,35;7,8
13076:13,15,16,26,27;9,10
13077:24,26,30,32,35;6,12
13078:2,7,23,31,33;2,8
13079:9,10,17,21,34;1,7
13080:6,21,23,27,31;4,6
13081:7,9,15,17,23;2,7
13082:3,9,25,26,33;3,12
13083:26,29,30,32,35;4,10
13084:8,22,26,29,35;1,5
13085:8,19,23,27,32;3,5
13086:9,16,26,29,31;6,9
13087:9,12,22,32,34;2,4
13088:3,5,8,33,35;1,3
13089:6,7,23,24,29;4,11
13090:2,26,30,31,33;11,12
13091:4,9,28,34,35;2,8
13092:7,10,21,27,33;3,9
13093:1,5,17,18,26;5,7
13094:3,28,33,34,35;6,9
13095:3,17,28,30,33;1,10
13096:17,19,20,22,26;6,8
13097:7,8,13,17,32;3,8
13098:2,6,16,29,34;10,11
13099:4,11,28,30,33;5,12
13100:9,12,24,26,30;5,9
13101:4,9,13,15,32;2,9
13102:6,12,15,19,26;2,11
13103:5,8,13,16,31;3,9
13104:2,5,11,27,29;1,11
13105:7,13,27,30,34;1,12
13106:6,7,12,13,27;3,12
13107:7,13,14,18,25;5,12
13108:5,10,13,15,18;2,11
13109:13,20,26,29,32;2,6
13110:7,16,18,32,33;2,7
13111:7,12,13,20,27;1,3
13112:2,10,20,22,29;5,12
13113:19,21,23,28,30;8,12
13114:6,17,21,23,33;1,9
13115:5,16,29,32,34;4,11
13116:13,22,23,30,33;9,11
13117:5,16,23,25,33;7,12
13118:4,6,11,20,31;1,5
13119:1,2,16,23,35;1,11
13120:6,14,15,22,26;3,11
13121:3,18,19,20,24;3,12
13122:15,17,20,24,35;4,12
13123:2,9,10,33,34;5,12
13124:5,7,18,21,32;10,11
13125:4,8,14,23,28;4,8
13126:9,10,15,18,30;3,6
13127:3,14,16,19,32;5,10
13128:11,13,27,33,35;1,2
13129:11,23,29,30,33;1,4
13130:8,9,15,19,30;6,9
13131:12,15,29,30,31;4,12
13132:23,26,28,31,34;2,10
13133:2,8,10,16,17;9,12
13134:2,13,19,23,32;2,9
13135:4,13,19,25,26;7,12
13136:5,11,15,25,28;5,11
13137:4,12,32,33,34;6,8
13138:3,8,13,17,24;7,9
13139:5,6,18,20,31;6,7
13140:1,12,17,26,28;1,6
13141:5,15,18,25,31;8,10
13142:6,11,25,28,29;4,12
13143:3,8,14,21,31;6,8
13144:3,20,21,23,35;2,8
13145:2,13,15,18,20;2,11
13146:6,7,15,25,31;1,9
13147:3,9,22,24,25;5,9
13148:2,5,9,29,32;3,7
13149:6,7,8,9,13;5,7
13150:6,7,14,18,22;8,11
13151:2,13,21,27,30;3,4
13152:9,12,14,18,19;3,9
13153:4,5,16,17,30;3,9
14001:5,13,20,23,29;8,11
14002:1,12,21,24,29;1,7
14003:7,11,13,21,33;5,6
14004:7,10,19,27,28;9,12
14005:15,17,18,29,33;4,8
14006:1,4,7,16,35;6,8
14007:8,11,14,21,32;3,11
14008:11,13,20,28,35;1,5
14009:10,18,25,29,33;7,8
14010:5,10,20,26,27;1,3
14011:4,6,14,24,35;7,12
14012:9,20,21,23,29;5,7
14013:10,11,13,22,28;4,12
14014:1,9,11,27,29;3,11
14015:4,6,18,20,30;5,7
14016:4,6,13,24,34;4,9
14017:5,10,11,23,34;1,10
14018:8,9,12,28,34;2,12
14019:7,12,22,29,32;11,12
14020:1,14,17,30,35;6,7
14021:6,10,17,23,24;3,9
14022:3,6,10,16,25;10,11
14023:4,13,15,29,33;5,9
14024:7,11,15,31,32;6,11
14025:19,20,27,32,34;6,8
14026:5,10,12,15,26;4,8
14027:9,10,24,28,29;10,12
14028:3,10,20,25,30;10,12
14029:3,21,22,23,35;5,9
14030:3,14,18,29,35;11,12
14031:6,15,27,32,33;3,4
14032:2,5,6,9,31;2,9
14033:1,7,8,28,29;4,8
14034:3,11,14,27,32;5,7
14035:9,12,14,28,29;3,10
14036:1,2,12,17,29;3,8
14037:3,4,8,19,34;2,4
14038:7,8,12,20,32;3,5
14039:2,5,11,15,20;8,11
14040:12,15,21,30,33;2,8
14041:5,7,11,15,18;5,12
14042:16,21,25,27,35;6,11
14043:1,11,23,29,30;1,12
14044:22,23,25,27,35;3,11
14045:6,10,12,16,30;2,11
14046:3,15,18,21,26;1,6
14047:6,17,18,30,34;6,12
14048:1,2,5,15,35;1,11
14049:3,15,17,22,31;3,5
14050:10,18,27,28,35;1,6
14051:1,7,11,29,30;3,11
14052:14,19,21,24,30;2,7
14053:2,11,17,27,30;3,4
14054:2,3,20,25,34;1,12
14055:4,23,26,27,35;10,11
14056:12,18,28,29,35;7,8
14057:8,10,20,27,33;1,9
14058:9,15,22,24,26;2,7
14059:7,15,17,25,29;4,11
14060:12,22,29,30,34;5,11
14061:4,11,17,20,29;6,10
14062:4,7,17,24,25;2,4
14063:11,17,21,23,34;3,4
14064:8,15,33,34,35;1,8
14065:7,12,19,31,33;7,12
14066:8,14,16,20,31;3,11
14067:3,18,23,24,31;3,7
14068:5,15,24,29,35;5,6
14069:16,22,27,29,31;2,9
14070:1,2,7,10,32;4,12
14071:4,14,15,22,23;1,7
14072:17,19,22,24,30;2,9
14073:4,5,7,13,35;5,6
14074:6,11,22,27,30;5,11
14075:5,7,29,32,35;4,10
14076:5,10,19,31,32;9,10
14077:9,16,26,31,32;1,5
14078:10,15,16,22,28;4,5
14079:9,10,20,31,32;6,10
14080:17,20,23,25,27;3,10
14081:3,5,8,10,25;9,12
14082:1,8,18,23,25;8,12
14083:18,20,24,33,35;5,10
14084:2,7,9,11,28;5,9
14085:6,12,13,25,29;11,12
14086:6,8,27,29,35;3,9
14087:4,7,31,33,35;9,10
14088:7,13,20,25,26;8,11
14089:2,8,12,29,30;7,12
14090:2,3,20,23,28;6,8
14091:10,16,18,29,32;2,7
14092:2,18,27,30,32;5,11
14093:3,8,30,32,34;9,11
14094:13,14,24,25,34;4,7
14095:6,22,30,31,34;5,6
14096:3,7,21,23,31;5,10
14097:3,15,20,21,23;7,9
14098:16,18,22,25,35;3,10
14099:15,21,22,23,33;1,7
14100:2,4,8,12,35;1,7
14101:9,10,12,17,28;3,11
14102:1,7,14,19,20;3,12
14103:14,20,23,25,26;10,12
14104:7,13,14,28,32;4,11
14105:4,10,26,29,32;4,8
14106:5,9,11,20,22;5,11
14107:5,13,14,21,34;8,10
14108:1,2,13,23,35;9,12
14109:15,18,20,21,23;1,2
14110:9,18,19,22,24;8,11
14111:11,16,18,20,29;3,4
14112:3,5,14,18,32;2,10
14113:2,13,17,19,23;1,6
14114:3,16,24,30,33;5,8
14115:1,5,26,29,30;2,10
14116:6,13,15,24,27;4,5
14117:3,14,17,18,33;6,9
14118:2,3,23,24,26;5,11
14119:4,8,9,13,18;8,12
14120:1,4,6,18,33;5,11
14121:13,16,18,22,32;8,10
14122:3,10,25,26,35;1,7
14123:1,9,12,22,25;2,9
14124:1,3,28,29,35;8,12
14125:12,15,19,23,31;4,10
14126:2,9,22,30,34;9,10
14127:2,4,6,15,19;2,11
14128:2,4,16,22,34;8,11
14129:7,22,28,30,32;5,6
14130:2,18,31,32,33;5,7
14131:3,16,19,23,27;3,7
14132:1,3,4,19,32;1,7
14133:2,8,12,14,18;4,12
14134:2,5,7,11,32;9,12
14135:20,26,28,30,35;9,12
14136:4,18,20,34,35;7,11
14137:2,11,16,22,34;2,5
14138:1,7,29,32,34;9,12
14139:3,5,7,15,34;1,10
14140:1,19,20,25,34;7,12
14141:4,17,20,26,29;5,8
14142:18,21,25,28,30;4,6
14143:1,11,14,18,25;6,10
14144:1,21,24,25,35;4,11
14145:15,19,22,24,26;10,11
14146:2,16,23,24,28;10,11
14147:5,9,14,26,34;2,9
14148:3,9,10,11,20;7,9
14149:2,13,19,26,35;1,5
14150:19,21,30,33,35;5,7
14151:3,8,26,31,32;8,12
14152:5,12,18,24,33;1,5
14153:1,8,13,24,32;5,10
14154:5,12,17,23,28;2,9
14155:;
15001:8,9,19,27,30;6,7
15002:3,14,20,26,32;6,10
15003:12,19,27,28,34;1,12
15004:3,12,14,18,28;5,6
15005:11,14,15,18,19;7,8
15006:6,8,30,32,33;3,7
15007:2,7,8,14,31;4,8
15008:7,10,11,15,17;3,10
15009:17,22,26,27,33;6,10
15010:2,6,17,30,35;2,7
15011:4,13,22,25,30;1,6
15012:3,4,6,11,31;5,9
15013:11,15,25,28,35;7,10
15014:8,16,25,29,35;3,10
15015:1,5,13,17,32;4,11
15016:6,7,16,20,34;9,11
15017:7,13,16,17,29;1,7
15018:4,7,10,23,31;3,7
15019:2,8,16,22,24;1,3
15020:11,26,28,29,32;1,4
15021:22,23,24,26,31;5,6
15022:9,11,14,15,26;11,12
15023:6,9,11,12,22;3,11
15024:2,6,8,16,34;3,4
15025:7,10,20,22,27;10,11
15026:11,13,14,15,22;2,8
15027:5,21,22,25,28;3,10
15028:3,9,28,32,33;9,10
15029:7,10,19,30,35;3,5
15030:9,18,19,26,31;2,5
15031:7,21,29,32,33;4,12
15032:6,21,25,27,30;7,11
15033:3,17,22,26,28;3,7
15034:4,8,15,18,26;5,9
15035:22,24,29,30,35;1,10
15036:14,18,20,23,24;4,8
15037:10,16,21,28,31;7,8
15038:12,19,22,31,35;7,8
15039:3,6,7,16,25;1,6
15040:2,9,10,23,35;9,12
15041:1,11,21,23,28;1,10
15042:3,7,12,17,24;2,11
15043:2,20,22,25,29;2,7
15044:16,18,27,31,33;1,3
15045:8,9,22,29,30;8,12
15046:5,7,10,22,26;4,10
15047:1,2,17,23,31;5,12
15048:10,11,22,24,33;2,9
15049:8,9,11,15,22;8,10
15050:6,7,10,20,28;2,7
15051:1,2,11,16,21;1,5
15052:13,19,24,27,29;7,8
15053:8,25,28,29,32;4,7
15054:2,9,15,24,34;3,9
15055:6,11,14,20,30;5,10
15056:6,12,19,26,35;3,10
15057:1,5,7,14,26;4,6
15058:10,14,20,27,30;7,12
15059:7,9,19,23,32;1,3
15060:16,24,25,26,33;4,11
15061:6,7,8,16,22;2,10
15062:6,7,13,14,15;1,4
15063:1,4,6,34,35;2,4
15064:2,8,20,28,31;7,10
15065:4,5,7,13,35;8,11
15066:1,3,7,13,29;2,10
15067:4,10,18,24,27;4,11
15068:2,3,20,31,35;4,8
15069:2,9,11,22,25;1,7
15070:3,9,12,17,18;4,12
15071:4,6,13,16,34;4,10
15072:19,20,21,31,33;9,10
15073:9,26,27,30,34;1,6
15074:1,12,21,27,33;4,9
15075:13,14,26,27,33;10,12
15076:3,19,21,31,34;5,12
15077:1,16,17,22,28;2,9
15078:19,24,26,28,33;1,2
15079:1,9,17,23,24;4,5
15080:14,20,29,30,32;3,8
15081:3,4,10,13,17;5,9
15082:8,15,28,31,33;3,6
15083:14,16,19,25,29;10,12
15084:10,20,21,32,34;6,7
15085:2,3,4,6,16;3,12
15086:5,9,11,15,32;4,9
15087:2,5,15,17,22;1,11
15088:5,15,28,31,34;11,12
15089:5,12,18,20,27;10,12
15090:6,9,11,17,21;6,8
15091:2,7,28,29,30;3,7
15092:2,14,21,27,34;5,8
15093:16,17,25,26,27;2,4
15094:2,3,10,11,29;3,7
15095:8,14,26,34,35;5,10
15096:3,9,12,18,21;2,6
15097:4,16,17,26,27;1,4
15098:9,14,21,27,33;6,9
15099:9,12,14,22,25;5,10
15100:9,15,18,23,32;5,7
15101:6,12,17,18,32;7,12
15102:11,14,15,33,34;3,12
15103:7,9,15,25,34;4,10
15104:16,19,25,30,34;4,9
15105:8,9,15,21,27;5,9
15106:2,11,13,22,30;2,3
15107:3,23,25,28,29;6,7
15108:1,13,16,26,31;7,12
15109:1,6,11,22,31;3,12
15110:2,7,10,22,30;7,11
15111:7,8,16,24,28;3,10
15112:4,5,15,19,28;4,11
15113:1,14,21,29,33;2,10
15114:9,18,24,31,34;2,10
15115:8,12,13,14,16;3,9
15116:7,10,19,24,33;3,7
15117:6,17,20,30,33;10,11
15118:3,7,20,24,31;4,9
15119:1,8,12,16,21;6,11
15120:1,9,15,24,32;5,10
15121:2,4,17,27,28;4,6
15122:11,13,15,26,35;6,11
15123:4,15,27,29,30;2,10
15124:4,6,12,31,32;3,6
15125:2,3,15,17,28;8,10
15126:4,5,8,9,21;3,6
15127:9,11,14,19,30;3,8
15128:10,12,23,30,32;3,4
15129:1,6,23,25,29;3,9
15130:17,25,31,32,34;2,12
15131:11,17,19,20,27;2,3
15132:3,8,14,18,27;1,5
15133:3,7,8,25,30;4,8
15134:1,2,6,15,35;4,7
15135:5,16,20,25,29;6,8
15136:5,20,23,29,32;2,10
15137:14,17,21,23,26;8,11
15138:1,16,20,29,32;4,7
15139:2,3,5,25,32;5,7
15140:1,11,15,26,35;6,11
15141:2,4,15,19,31;2,3
15142:12,14,22,26,30;3,6
15143:9,20,31,33,35;10,11
15144:1,9,24,26,29;6,11
15145:6,7,20,29,32;11,12
15146:4,15,19,27,31;4,11
15147:1,2,13,18,19;8,10
15148:8,11,27,31,33;8,9
15149:4,6,10,12,28;2,8
15150:4,13,18,25,33;3,7
15151:15,16,18,30,35;1,7
15152:4,5,22,29,35;2,11
15153:1,7,22,27,33;2,11
15154:;
15155:;
16001:1,7,19,20,30;5,10
16002:7,12,18,25,35;7,9
16003:4,12,17,22,26;6,7
16004:10,20,23,32,35;9,10
16005:6,9,12,15,20;8,11
16006:14,16,17,22,24;2,9
16007:2,5,14,32,35;1,3
16008:5,12,31,34,35;4,5
16009:5,8,10,17,20;2,12
16010:12,13,15,16,28;2,5
16011:2,8,10,15,23;5,10
16012:5,7,11,23,28;3,12
16013:3,21,23,31,35;2,11
16014:6,8,21,24,27;2,10
16015:1,4,10,13,30;3,9
16016:3,10,22,29,32;2,5
16017:11,18,24,28,29;5,10
16018:5,10,13,27,33;8,11
16019:4,11,15,20,26;8,9
16020:1,16,22,29,30;2,9
16021:1,4,9,10,35;9,11
16022:4,18,21,30,35;2,11
16023:4,9,14,25,27;6,11
16024:1,2,11,15,18;4,8
16025:3,6,13,23,24;7,10
16026:2,6,29,30,34;1,7
16027:6,11,13,15,28;2,6
16028:13,18,20,23,31;3,6
16029:20,26,27,29,32;5,12
16030:10,19,21,29,33;4,6
16031:3,14,24,27,29;4,11
16032:5,9,14,20,33;5,12
16033:3,14,15,31,35;9,10
16034:14,18,31,32,35;9,10
16035:17,22,24,25,29;9,12
16036:7,15,26,30,31;3,6
16037:3,5,13,24,34;3,5
16038:3,7,9,15,33;5,12
16039:1,8,16,22,28;4,5
16040:20,22,29,30,35;1,6
16041:12,23,24,27,34;3,6
16042:2,6,8,19,24;1,6
16043:1,9,16,33,34;9,12
16044:1,6,10,20,31;5,11
16045:7,11,25,30,33;2,8
16046:3,19,22,32,34;8,12
16047:2,3,23,29,32;5,9
16048:4,12,17,25,27;4,10
16049:3,4,5,27,33;4,9
16050:7,17,21,29,35;4,5
16051:16,21,23,24,32;7,8
16052:8,14,19,20,33;10,11
16053:4,13,15,30,35;3,5
16054:2,5,9,21,30;6,7
16055:6,21,27,30,34;4,9
16056:10,12,14,31,35;4,5
16057:8,17,19,23,30;3,8
16058:2,15,17,23,28;5,9
16059:2,10,27,28,33;5,7
16060:2,6,22,27,34;8,11
16061:9,15,17,21,23;7,12
16062:2,10,14,15,35;1,9
16063:8,12,22,27,35;5,9
16064:1,2,10,18,35;5,11
16065:1,9,18,22,24;11,12
16066:10,28,29,31,33;5,11
16067:2,8,11,13,19;2,8
16068:5,7,22,26,34;7,12
16069:14,17,19,23,30;2,9
16070:2,9,13,19,23;5,7
16071:8,15,19,20,33;7,12
16072:16,20,24,26,31;4,9
16073:7,14,17,24,27;8,10
16074:1,5,7,11,14;3,8
16075:3,7,17,22,31;8,12
16076:3,8,10,17,31;5,6
16077:9,11,14,16,35;2,5
16078:7,18,29,31,35;5,11
16079:7,14,15,20,27;5,10
16080:15,20,29,30,33;7,12
16081:6,7,18,21,33;3,8
16082:3,8,23,28,29;2,7
16083:1,5,9,33,35;1,5
16084:8,12,15,26,35;1,8
16085:14,15,27,31,32;1,7
16086:3,5,22,25,30;7,9
16087:3,16,17,23,25;7,9
16088:4,6,17,21,30;6,11
16089:7,14,17,28,34;7,10
16090:4,6,8,28,32;7,12
16091:8,13,17,21,22;2,8
16092:2,13,31,33,34;7,11
16093:1,8,14,30,35;6,7
16094:1,14,16,17,18;5,7
16095:8,12,18,19,21;3,6
16096:1,6,8,12,21;5,10
16097:6,8,18,31,33;10,12
16098:8,9,11,20,29;4,5
16099:3,4,12,14,27;1,5
16100:8,12,19,26,30;2,12
16101:4,6,28,33,35;7,12
16102:3,5,6,34,35;3,12
16103:5,14,20,23,29;3,11
16104:1,20,22,23,30;6,7
16105:8,11,31,34,35;1,2
16106:3,21,30,33,35;1,4
16107:2,6,19,24,26;4,6
16108:10,17,22,23,25;7,9
16109:3,25,28,31,34;11,12
16110:7,20,21,23,30;7,10
16111:4,9,22,26,27;2,12
16112:7,22,23,31,32;4,5
16113:10,11,17,30,34;3,12
16114:16,17,20,32,33;3,7
16115:1,4,15,31,34;2,11
16116:4,6,8,19,34;10,12
16117:3,9,14,16,23;2,9
16118:12,15,18,24,29;3,11
16119:2,3,9,21,22;5,10
16120:3,10,20,32,34;4,7
16121:4,5,8,15,20;1,6
16122:1,3,12,14,29;2,6
16123:4,5,13,20,32;1,10
16124:4,13,24,26,29;8,11
16125:6,7,8,28,30;1,2
16126:11,13,16,19,24;6,8
16127:1,5,15,24,26;9,10
16128:17,20,22,30,33;7,8
16129:7,8,19,30,35;8,9
16130:11,23,32,33,34;1,12
16131:6,13,25,28,30;2,7
16132:4,18,19,22,35;1,2
16133:1,4,5,23,28;5,9
16134:1,3,31,32,34;2,7
16135:1,10,12,18,35;1,12
16136:5,6,7,19,23;4,11
16137:7,20,23,29,34;2,10
16138:12,13,16,29,35;5,11
16139:13,21,30,31,35;1,8
16140:12,16,23,29,34;4,11
16141:2,6,7,19,28;11,12
16142:1,6,17,23,26;6,12
16143:4,6,22,27,31;6,7
16144:4,5,13,22,31;5,10
16145:1,9,11,17,28;3,8
16146:21,22,25,29,34;1,11
16147:7,19,20,28,30;4,12
16148:5,14,15,23,25;6,8
16149:1,2,3,12,33;4,9
16150:1,10,18,24,29;7,10
16151:4,7,11,14,21;5,12
16152:8,17,22,24,30;5,11
16153:13,18,25,29,35;3,11
16154:6,16,17,21,29;4,6
16155:;
17001:7,9,20,31,33;8,10
17003:3,5,6,13,22;9,12
17004:5,8,11,28,31;6,7
17005:5,9,20,26,35;2,11
17006:4,6,23,32,33;5,6
17007:8,11,17,25,27;2,4
17008:3,4,9,25,32;2,4
17009:5,6,8,12,22;3,4
17010:4,10,13,18,35;1,2
17011:5,15,21,29,34;6,9
17012:4,5,24,26,35;7,12
17013:5,12,17,30,34;11,12
17014:4,8,15,24,25;2,5
17015:1,7,19,27,34;1,2
17016:3,13,28,30,33;9,10
17017:4,19,24,26,29;4,6
17018:6,7,10,17,23;1,9
17019:2,6,14,23,25;2,10
17020:16,21,24,27,28;4,7
17021:1,15,17,20,26;6,8
17022:2,3,9,17,24;6,12
17023:5,8,12,24,34;7,10
17024:21,23,29,32,35;11,12
17025:10,16,19,20,34;4,5
17026:10,14,19,25,32;2,7
17027:8,17,25,33,34;3,11
17028:6,18,22,23,33;9,11
17029:1,6,14,17,29;1,11
17030:21,22,24,29,34;5,6
17031:2,16,17,30,32;2,9
17032:2,13,14,18,29;3,9
17033:15,22,23,25,34;5,11
17034:6,12,21,26,29;2,11
17035:14,17,22,30,33;7,12
17036:1,4,9,18,33;2,5
17037:13,15,16,32,34;6,11
17038:4,5,13,18,27;3,9
17039:5,6,14,17,26;3,8
17040:4,6,10,23,29;9,11
17041:2,4,6,25,31;5,9
17042:2,17,31,33,34;1,7
17043:6,13,22,25,35;9,12
17044:11,16,17,18,25;2,9
17045:1,8,11,21,35;9,12
17046:4,17,20,23,30;2,3
17047:15,19,32,33,34;9,12
17048:7,9,13,15,19;3,10
17049:9,12,14,22,31;5,8
17050:12,14,17,20,28;2,6
17051:14,17,18,22,29;10,11
17052:3,19,24,28,33;4,12
17053:6,19,20,22,26;1,11
17054:16,29,30,32,33;4,5
17055:19,20,22,30,33;3,9
17056:1,4,24,27,32;3,10
17057:12,16,19,23,24;2,5
17058:14,18,20,21,28;3,6
17059:8,11,13,15,17;3,10
17060:9,15,20,26,31;5,12
17061:10,19,23,25,30;2,4
17062:1,4,6,8,28;8,12
17063:18,21,22,24,29;5,11
17064:1,8,20,27,30;3,4
17065:5,11,12,19,28;5,12
17066:11,15,23,26,30;2,11
17067:10,17,18,32,35;10,11
17068:7,8,19,24,27;6,7
17069:10,16,20,23,32;8,11
17070:6,16,18,26,30;2,3
17071:1,4,11,14,33;5,7
17072:1,3,29,32,34;2,5
17073:7,18,28,31,33;1,2
17074:8,10,11,13,17;8,11
17075:5,11,16,18,35;1,6
17076:2,7,25,30,35;7,12
17077:1,3,4,25,31;6,9
17078:4,5,27,31,34;3,6
17079:1,17,19,32,33;2,11
17080:8,10,21,30,31;2,5
17081:2,12,15,20,34;1,6
17082:5,13,20,21,25;8,9
17083:2,5,14,22,34;3,9
17084:6,11,14,21,31;9,12
17085:9,13,14,25,30;2,5
17086:12,15,18,22,31;1,8
17087:3,14,21,29,35;2,6
17088:5,28,31,34,35;8,9
17089:3,5,6,15,18;3,10
17090:3,6,15,22,35;9,11
17091:1,5,7,16,19;3,12
17092:3,7,9,17,34;4,5
17093:5,6,17,21,29;2,4
17094:3,5,8,29,33;4,8
17095:15,32,33,34,35;3,12
17096:3,7,9,17,28;4,12
17097:7,14,19,22,34;7,12
17098:6,9,17,30,35;10,11
17099:8,9,17,18,24;3,7
17100:2,5,18,19,31;1,9
17101:5,15,21,25,29;5,8
17102:1,12,23,24,29;8,12
17103:4,19,20,24,29;3,4
17104:9,11,22,27,30;9,11
17105:4,15,22,24,32;2,9
17106:9,12,18,23,29;2,4
17107:4,10,19,25,27;6,12
17108:1,4,15,21,22;4,9
17109:6,9,19,26,34;5,7
17110:10,14,20,21,35;2,5
17111:2,14,17,26,34;8,12
17112:5,6,20,31,32;6,12
17113:5,8,17,18,23;4,12
17114:6,7,12,18,23;1,12
17115:14,19,20,25,31;6,8
17116:2,27,30,32,33;1,3
17117:5,7,9,24,32;8,10
17118:2,7,16,20,33;3,11
17119:5,7,13,29,35;3,8
17120:8,15,24,26,27;5,6
17121:1,6,12,26,31;1,7
17122:3,12,18,29,34;3,11
17123:3,15,23,26,32;1,12
17124:3,29,30,32,35;3,8
17125:7,11,18,26,28;4,5
17126:3,4,13,24,33;1,11
17127:2,15,18,21,22;3,10
17128:9,11,13,18,33;2,3
17129:5,17,20,32,33;4,9
17130:5,18,28,33,34;3,4
17131:3,5,8,19,34;1,12
17132:11,17,23,26,27;1,10
17133:15,17,19,32,33;1,3
17134:7,18,19,32,34;2,10
17135:1,12,15,19,22;2,4
17136:1,11,20,21,22;3,4
17137:1,20,22,28,29;5,7
17138:4,7,9,20,25;2,11
17139:2,6,19,25,32;9,12
17140:10,16,25,26,29;1,5
17141:2,8,21,22,29;3,5
17142:1,5,16,19,28;2,10
17143:6,9,24,29,32;2,7
17144:3,21,23,29,32;10,11
17145:4,7,17,18,19;3,10
17146:1,5,11,14,35;9,10
17147:5,16,17,25,34;1,11
17148:19,27,31,32,35;11,12
17149:10,18,19,25,26;4,12
17150:3,6,10,13,18;9,11
17151:5,6,23,28,32;4,5
17152:2,4,7,23,28;2,8
17153:1,9,24,26,34;9,12
18001:1,13,22,25,35;3,4
18002:12,20,23,27,34;1,6
18003:4,21,23,24,30;9,10
18004:4,9,22,28,30;1,10
18005:4,9,23,24,30;8,11
18006:19,20,30,32,33;3,5
18007:3,4,28,31,34;4,11
18008:9,15,17,20,22;10,11
18009:10,12,28,30,34;3,4
18010:24,25,26,28,29;4,12
18011:3,13,15,23,26;1,10
18012:3,22,24,29,34;7,11
18013:8,24,31,33,35;7,10
18014:14,16,18,24,31;1,8
18015:4,13,15,18,29;5,11
18016:1,2,12,13,23;9,12
18017:4,19,21,23,31;4,9
18018:6,8,13,24,28;6,12
18019:10,11,19,21,28;5,12
18020:1,10,13,14,21;9,12
18021:5,6,8,9,15;4,11
18022:2,10,19,33,35;5,6
18023:12,13,18,21,29;2,8
18024:2,16,24,30,32;4,7
18025:7,8,9,15,34;7,8
18026:1,2,3,4,30;3,5
18027:1,18,20,21,26;4,11
18028:4,19,25,30,35;4,7
18029:3,9,21,25,29;1,8
18030:5,18,21,28,32;9,11
18031:3,8,13,17,23;5,11